# id	file_path	transparent_color_r	g	b
[TEXTURES]
#1	textures\opening-scence.png	225	225	225
222	textures\ending-scence.png	255	242	0
1	textures\Ending\1.png	225	225	225
2	textures\Ending\2.png	225	225	225
3	textures\Ending\3.png	225	225	225
4	textures\Ending\4.png	225	225	225
5	textures\Ending\5.png	225	225	225
6	textures\Ending\6.png	225	225	225
7	textures\Ending\7.png	225	225	225
8	textures\Ending\8.png	225	225	225
9	textures\Ending\9.png	225	225	225
10	textures\Ending\10.png	225	225	225
11	textures\Ending\11.png	225	225	225
12	textures\Ending\12.png	225	225	225
13	textures\Ending\13.png	225	225	225
14	textures\Ending\14.png	225	225	225
15	textures\Ending\15.png	225	225	225
16	textures\Ending\16.png	225	225	225
17	textures\Ending\17.png	225	225	225
18	textures\Ending\18.png	225	225	225
19	textures\Ending\19.png	225	225	225
20	textures\Ending\20.png	225	225	225
21	textures\Ending\21.png	225	225	225
22	textures\Ending\22.png	225	225	225
23	textures\Ending\23.png	225	225	225
24	textures\Ending\24.png	225	225	225
25	textures\Ending\25.png	255	225	225
26	textures\Ending\26.png	225	225	225
27	textures\Ending\27.png	225	225	225
28	textures\Ending\28.png	225	225	225
64	textures\Ending\64.png	0	0	0
65	textures\Ending\65.png	225	225	225
67	textures\Ending\67.png	225	225	225
68	textures\Ending\68.png	225	225	225
69	textures\Ending\69.png	225	225	225
70	textures\Ending\70.png	225	225	225
111	textures\Ending\test.png	225	225	225
# id	left	top	right	bottom	texture_id
[SPRITES]
# tiled map sprites
# mở đầu
1	0	0	256	224	1
2	0	0	256	224	2
3	0	0	256	224	3
4	0	0	256	224	4
5	0	0	256	224	5
6	0	0	256	224	6
7	0	0	256	224	7
8	0	0	256	224	8
9	0	0	256	224	9
10	0	0	256	224	10
11	0	0	256	224	11
12	0	0	256	224	12
13	0	0	256	224	13
14	0	0	256	224	14
15	0	0	256	224	15
16	0	0	256	224	16
17	0	0	256	224	17
18	0	0	256	224	18
19	0	0	256	224	19
20	0	0	256	224	20
21	0	0	256	224	21
22	0	0	256	224	22
23	0	0	256	224	23
24	0	0	256	224	24
25	0	0	256	224	25
26	0	0	256	224	26
27	0	0	256	224	27
28	0	0	256	224	28
# hinh nen
222	2	2	513	226	222
223	463	227	479	242	222
224	480	227	496	242	222
225	497	227	513	242	222
# end nha xuat ban
226	0	0	256	224	65
227	0	0	156	1241	64
# end cuoi
67	0	0	198	224	67
68	0	0	198	224	68
69	0	0	198	224	69
70	0	0	198	224	70
# ani_id	sprite1_id	time1	sprite2_id	time2	...
[ANIMATIONS]
# ==== SCENCE =========
# đong dat
0	1	500	2	500	3	500	4	1000	5	2000	6	2000	7	100	8	100	9	100	7	100	8	100	9	100	7	100	8	100	9	100	7	100	8	100	9	100	7	100	8	100	9	100	7	100	8	100	9	100	10	100	11	100	12	100	13	100	10	100	11	100	12	100	13	100	10	100	11	100	12	100	13	100	10	100	11	100	12	100	13	100	10	100	11	100	12	100	13	100	10	100	11	100	12	100	13	100	14	100	15	100	16	100	14	100	15	100	16	100	14	100	15	100	16	100	14	100	15	100	16	100	14	100	15	100	16	100	14	100	15	100	16	100	17	100	18	100	17	100	18	100	17	100	18	100	17	100	18	100	17	100	18	100	17	100	18	100	19	100	20	100	19	100	20	100	19	100	20	100	19	100	20	100	19	100	20	100	21	100	22	100	23	100	24	100	21	100	22	100	23	100	24	100	21	100	22	100	23	100	24	100	21	100	22	100	23	100	24	100	21	100	22	100	23	100	24	100	24	2000
# doi mau
1	25	500	26	500	27	500	28	500
# hinh nen
2	222	100
3	223	100	224	100	225	100	223	100	224	100	225	100	223	100	224	100	225	100	223	100	224	100	225	100	223	100	224	100	225	100	223	100	224	100	225	100	223	100	224	100	225	100
# end ten nha san xuat
4	226	100
5	227	100
#end cuoi
6	67	200	68	200	69	200	70	2000
[ANIMATION_SETS]
# SCENCE
0	0	1	2	3	4	5	6
[OBJECTS]