# id	file_path	transparent_color_r	g	b
[TEXTURES]
1	textures\opening-scence.png	225	225	225
2	textures\roll-out-scence.png	225	225	225
3	textures\nes_blaster_master_1.png	225	225	225
# id	left	top	right	bottom	texture_id
[SPRITES]
# tiled map sprites
0	0	0	256	224	1
1	259	0	515	224	1
2	518	0	774	224	1
3	777	0	1033	224	1
4	0	227	256	451	1
5	259	227	515	451	1
6	518	227	774	451	1
7	777	227	1033	451	1
8	0	454	256	678	1
9	259	454	515	678	1
10	518	454	774	678	1
11	777	454	1033	678	1
12	0	681	256	905	1
13	259	681	515	905	1
14	518	681	774	905	1
15	777	681	1033	905	1
16	0	908	256	1132	1
17	259	908	515	1132	1
18	518	908	774	1132	1
19	777	908	1033	1132	1
20	0	1135	256	1359	1
21	259	1135	515	1359	1
22	518	1135	774	1359	1
23	777	1135	1033	1359	1
24	0	1362	256	1586	1
25	259	1362	515	1586	1
26	518	1362	774	1586	1
27	777	1362	1033	1586	1
28	0	1589	256	1813	1
29	259	1589	515	1813	1
30	518	1589	774	1813	1
31	777	1589	1033	1813	1
32	0	1816	256	2040	1
33	259	1816	515	2040	1
34	518	1816	774	2040	1
35	777	1816	1033	2040	1
36	0	2043	256	2267	1
37	0	0	204	166	3
38	0	0	256	224	2
39	259	0	515	224	2
40	518	0	774	224	2
41	0	227	256	451	2
42	259	227	515	451	2
43	518	227	774	451	2
44	0	454	256	678	2
45	259	454	515	678	2
46	518	454	774	678	2
47	0	681	256	905	2
# ani_id	sprite1_id	time1	sprite2_id	time2	...
[ANIMATIONS]
# ==== SCENCE =========
0	0	100	1	100	2	100	3	1000	4	100	5	100	6	100	7	1000	8	100	9	100	10	100	11	1000	12	100	13	100	14	100	15	1000	16	1000	17	1000	18	100	19	100	20	100	21	100	22	100	23	100	24	1000	25	100	26	100	27	100	28	1000	29	100	30	100	31	100	32	1000	33	100	34	100	35	100	36	1000
1	37	2000
2	38	100	39	100	38	100	39	100	38	100	39	100	38	100	39	100	38	100	39	100	38	100	39	100	38	100	39	100	38	100	39	100	38	100	39	100	38	100	39	100	38	100	39	100	40	100	41	100	42	100	43	100	44	100	45	100	46	100	47	100	44	2000
[ANIMATION_SETS]
# SCENCE
0	0	1	2
[OBJECTS]