# id	file_path	transparent_color_r	g	b
[TEXTURES]
1	textures\Jason-and-Sophia.png	0	57	115
2	textures\BlasterMaster-Enemies.png	255	0	255
33	textures\NES-Blaster-Master-Area-2.png	255	255	255
44	textures\NES-Blaster-Master-Area-2-Overworld1.png	255	255	255
55	textures\sophia.png	255	255	255
66	textures\Items-Objects.png	255	255	255
# id	left	top	right	bottom	texture_id
[SPRITES]
# tiled map sprites
0	0	0	0	0	44
1	0	0	16	16	44
2	16	0	32	16	44
3	32	0	48	16	44
4	48	0	64	16	44
5	64	0	80	16	44
6	80	0	96	16	44
7	96	0	112	16	44
8	112	0	128	16	44
9	128	0	144	16	44
10	144	0	160	16	44
11	160	0	176	16	44
12	176	0	192	16	44
13	0	16	16	32	44
14	16	16	32	32	44
15	32	16	48	32	44
16	48	16	64	32	44
17	64	16	80	32	44
18	80	16	96	32	44
19	96	16	112	32	44
20	112	16	128	32	44
21	128	16	144	32	44
22	144	16	160	32	44
23	160	16	176	32	44
24	176	16	192	32	44
25	0	32	16	48	44
26	16	32	32	48	44
27	32	32	48	48	44
28	48	32	64	48	44
29	64	32	80	48	44
30	80	32	96	48	44
31	96	32	112	48	44
32	112	32	128	48	44
33	128	32	144	48	44
34	144	32	160	48	44
35	160	32	176	48	44
36	176	32	192	48	44
37	0	48	16	64	44
38	16	48	32	64	44
39	32	48	48	64	44
40	48	48	64	64	44
41	64	48	80	64	44
42	80	48	96	64	44
43	96	48	112	64	44
44	112	48	128	64	44
45	128	48	144	64	44
46	144	48	160	64	44
47	160	48	176	64	44
48	176	48	192	64	44
49	0	64	16	80	44
50	16	64	32	80	44
51	32	64	48	80	44
52	48	64	64	80	44
53	64	64	80	80	44
54	80	64	96	80	44
55	96	64	112	80	44
56	112	64	128	80	44
57	128	64	144	80	44
58	144	64	160	80	44
59	160	64	176	80	44
60	176	64	192	80	44
61	0	80	16	96	44
62	16	80	32	96	44
63	32	80	48	96	44
64	48	80	64	96	44
65	64	80	80	96	44
66	80	80	96	96	44
67	96	80	112	96	44
68	112	80	128	96	44
69	128	80	144	96	44
70	144	80	160	96	44
71	160	80	176	96	44
72	176	80	192	96	44
73	0	96	16	112	44
74	16	96	32	112	44
75	32	96	48	112	44
76	48	96	64	112	44
77	64	96	80	112	44
78	80	96	96	112	44
79	96	96	112	112	44
80	112	96	128	112	44
81	128	96	144	112	44
82	144	96	160	112	44
83	160	96	176	112	44
84	176	96	192	112	44
85	0	112	16	128	44
86	16	112	32	128	44
87	32	112	48	128	44
88	48	112	64	128	44
89	64	112	80	128	44
90	80	112	96	128	44
91	96	112	112	128	44
92	112	112	128	128	44
93	128	112	144	128	44
94	144	112	160	128	44
95	160	112	176	128	44
96	176	112	192	128	44
97	0	128	16	144	44
98	16	128	32	144	44
99	32	128	48	144	44
100	48	128	64	144	44
101	64	128	80	144	44
102	80	128	96	144	44
103	96	128	112	144	44
104	112	128	128	144	44
105	128	128	144	144	44
106	144	128	160	144	44
107	160	128	176	144	44
108	176	128	192	144	44
109	0	144	16	160	44
110	16	144	32	160	44
111	32	144	48	160	44
112	48	144	64	160	44
113	64	144	80	160	44
114	80	144	96	160	44
115	96	144	112	160	44
116	112	144	128	160	44
117	128	144	144	160	44
118	144	144	160	160	44
119	160	144	176	160	44
120	176	144	192	160	44
121	0	160	16	176	44
122	16	160	32	176	44
123	32	160	48	176	44
124	48	160	64	176	44
125	64	160	80	176	44
126	80	160	96	176	44
127	96	160	112	176	44
128	112	160	128	176	44
129	128	160	144	176	44
130	144	160	160	176	44
131	160	160	176	176	44
132	176	160	192	176	44
133	0	176	16	192	44
134	16	176	32	192	44
135	32	176	48	192	44
136	48	176	64	192	44
137	64	176	80	192	44
138	80	176	96	192	44
139	96	176	112	192	44
140	112	176	128	192	44
141	128	176	144	192	44
142	144	176	160	192	44
143	160	176	176	192	44
# SOFIA Human
#idle
10001	3	30	11	46	1
#move left
10002	12	30	20	46	1
10003	21	30	29	46	1
10004	30	30	38	46	1
# Crawl left - Bo ben trai
10005	129	162	145	172	55
10006	150	162	165	172	55
# Climbing - leo cau thang
10016	26	177	38	194	55
10017	47	177	59	194	55
# BIG-SOFIA
# move left
10007	208	69	232	101	1
10008	233	69	257	101	1
10009	258	69	282	101	1
# move up
10010	208	36	232	68	1
10011	233	36	257	68	1
10012	258	36	282	68	1
# move down
10013	208	3	232	35	1
10014	233	3	257	35	1
10015	258	3	282	35	1
# SOFIA left Wheel 
20001	3	21	10	28	1
20002	12	21	19	28	1
20003	21	21	28	28	1
20004	30	21	37	28	1
# SOFIA right Wheel 
200003	21	21	28	28	1
200004	30	21	37	28	1
200001	3	21	10	28	1
200002	12	21	19	28	1
# SOFIA Vehicle
# nằm ngang, đóng nắp cabin
300001	72	24	98	40	55
# xoay
300002	116	24	134	40	55
# mở nắp cabin
300003	30	16	56	40	55
# đưa nóng súng lên 1
300004	30	58	55	82	55
# đưa nòng súng lên 2
300005	114	59	138	81	55
# đưa nòng súng lên 3
300006	71	56	92	82	55
# Main character empty sprite
70001	0	0	0	0	1
# Main character explosion
70002	159	3	207	43	1
70003	143	44	207	132	1
# WORM
#move left 
110001	46	412	62	421	2
110002	62	412	81	421	2
#move right
110003	172	412	189	421	2
110004	191	412	207	421	2
# FLOATER-SPIDER
#move left 
120001	84	407	101	421	2
120002	104	406	121	421	2
#move right
120003	132	406	149	421	2
120004	152	407	169	421	2
# DOMES
#move left
140001	87	425	105	441	2
140002	67	424	85	441	2
#move right
140003	149	425	167	441	2
140004	169	424	187	441	2
#di chuyen ngang ben trai
140005	51	441	67	459	2
140006	50	461	67	479	2
#nam ngua
140007	67	479	85	495	2
140008	87	479	105	496	2
# JUMPERS
#move left
150001	105	500	122	525	2
150002	87	499	102	525	2
150003	69	500	84	525	2
#move right
150004	132	500	149	525	2
150005	152	499	167	525	2
150006	170	500	185	525	2
# INSECT
#move left
160001	104	530	122	548	2
160002	84	533	102	548	2
#move right
160003	132	530	150	548	2
160004	152	533	170	548	2
# ORBS
#move left
170001	98	387	116	405	2
170002	78	387	96	405	2
#move right
170003	138	387	156	405	2
170004	158	387	176	405	2
# SKULLS
#walk left
180001	42	530	60	548	2
#walk right
180002	194	530	212	548	2
#walk left attack
180003	62	527	80	548	2
#walk right attack
180004	174	527	192	548	2
# WEAPON
# Main character
# fly_horizontal
100001	91	20	114	27	1
# fly_vertical
100002	116	20	123	43	1
# explode
100003	140	101	148	109	1
100004	149	97	165	113	1
100005	166	97	182	113	1
100006	183	93	207	117	1
# bullet Rocket
# right rocket
100100	5	35	20	41	55
# left rocket
100101	2	20	17	26	55
# up rocket
100102	109	8	115	23	55
# down rocket
100103	98	8	104	23	55
# Human-Sofia
# bullet
100007	135	183	139	187	55
# bullet_explosion
100008	155	181	162	189	55
100009	171	178	187	191	55
100010	192	177	208	193	55
# Cannon
# bullet
100011	252	102	260	118	1
# bullet_explosion
100012	296	102	312	118	1
# Eyeball
# bullet
100013	252	102	260	118	1
# bullet_explosion
100014	296	102	312	118	1
# Floater
# bullet
100015	252	102	260	118	1
# bullet_explosion
100016	296	102	312	118	1
#Skull
#bullet_left
100019	193	515	203	525	2
#bullet_right
100020	51	515	61	525	2
#bullet_explosion
100021	166	97	182	113	1
# HUB OBJECTS
# PowerHub - Text
800001	175	219	183	235	55
# PowerHub
800002	85	97	93	129	55
800005	95	97	103	129	55
800006	110	97	118	129	55
800007	120	97	128	129	55
800008	130	98	138	130	55
800009	141	98	149	130	55
800010	152	98	160	130	55
800011	27	96	35	128	55
800012	242	101	250	133	55
# GunHub
800003	154	221	162	253	55
# Hov-Text
800004	112	240	120	256	55
# ITEMS
# P
900000	87	240	103	256	55
# path
[MAP]
Map-Blaster-Master-Area-2-C.txt
# ani_id	sprite1_id	time1	sprite2_id	time2	...
[ANIMATIONS]
# ==== SOFIA HUMAN =========
#idle
600	10001	100
#move left
601	10002	100	10003	100	10004	100
#crawl left
602	10005	100	10006	100
#climb
606	10016	100	10017	100
# BIG-SOFIA
# move left
603	10007	100	10008	100	10009	100
# move up
604	10010	100	10011	100	10012	100
# move down
605	10013	100	10014	100	10015	100
# ==== SOFIA WHEEL =========
#idle-of left-wheel
700	20002	100
#left-wheel
701	20001	100	20002	100	20003	100	20004	100
#right-wheel
702	200003	100	200004	100	200001	100	200002	100
# ==== SOFIA VEHICLE =========
# di chuyển ngang bình thường
800	300001	100
# xoay ngang
801	300001	200	300002	200
# mở nắp cabin
802	300003	100
# đưa nòng súng lên
803	300004	100	300005	100	300006	100
# ==== MAIN CHARACTER =========
#idle
2000	70001	100
#explosion
2001	70002	200
# === ENEMY DOMES ===
#walk left
8000	140001	100	140002	100
#walk right
8001	140003	100	140004	100
#di chuyen ngang ben trai
8002	140005	100	140006	100
#nam ngua
8003	140007	100	140008	100
# ==== ENEMY WORM =========
#Walk left
5000	110001	100	110002	100
#Walk right
5001	110003	100	110004	100
# ==== ENEMY FLOATER-SPIDER =========
#Walk left
6000	120001	100	120002	100
#Walk right
6001	120003	100	120004	100
# === JUMPERS ======
#walk left
9000	150001	100	150002	100	150003	100
#walk right
9001	150004	100	150005	100	150006	100
# === INSECT =====
#walk left
10000	160001	100	160002	100
#walk right
10001	160003	100	160004	100
# === ORBS ====
#walk left
11000	170001	100	170002	100
#walk right
11001	170003	100	170004	100
#=== SKULLS ====
#walk left
120000	180001	100
#walk right
120001	180002	100
#walk left attack
120002	180003	100
#walk right attack
120003	180004	100
# id	ani1	ani2	ani3
# ==== WEAPON =========
# Main Character
# left
4000	100001	100
# Up
4001	100002	100
# explode
4002	100003	100	100004	100	100005	100
# Bullet Rocket
# right rocket
4100	100100	100
# left rocket
4101	100101	100
# up rocket
4102	100102	100
# down rocket
4103	100103	100
# Human-Sofia
# Bullet
4003	100007	100
# Bullet_explosion
4004	100008	100	100009	100	100010	100
# Cannon
# Bullet
4005	100011	100
# Bullet_explosion
4006	100012	100
# Eyeball
# Bullet
4007	100013	100
# Bullet_explosion
4008	100014	100
# Floater
# Bullet
4009	100015	100
# Bullet_explosion
4010	100016	100
# Skull 
# Bullet left
4011	100019	100
# Bullet right
4012	100020	100
#Bullet explosion
4013	100021	100
# ==== HUB =========
# PowerHub - Text
100000	800001	100
# PowerHub
100001	800002	100
100004	800005	100
100005	800006	100
100006	800007	100
100007	800008	100
100008	800009	100
100009	800010	100
100010	800011	100
100011	800012	100
# GunHub
100002	800003	100
# Hov - text
100003	800004	100
# ITEMS
# P
900000	900000	100
[ANIMATION_SETS]
# SOFIA 
1	600	601	602	603	604	605	606
# MAIN_CHARACTER 
2	2000	2001
# WHEEL 
3	700	701	702
# SOFIA VEHICLE
4	800	801	802	803
# WORM - ENEMY
8	5000	5001
# FLOATER-SPIDER - ENEMY
9	6000	6001
# DOMES
11	8000	8001	8002	8003
# JUMPERS
12	9000	9001
# INSECT
13	10000	10001
# ORBS
14	11000	11001
# SKULLS
15	120000	120001	120002	120003
# WEAPON Player-horizontal Player-vertical Player-explode Big human-bullet Big human-explosion Cannon-bullet Cannon-explosion Eyeball-bullet Eyeball-explosion	Floater-bullet	Floater-explosion	Skull bullet left	Skull bullet right	Skull bullet explosion	Player-Rocket-right	Player-Rocket-left	Player-Rocket-up	Player-Rocket-down
7	4000	4001	4002	4003	4004	4005	4006	4007	4008	4009	4010	4011	4012	4013	4100	4101	4102	4103
# HUB
100	100000	100001	100002	100003	100004	100005	100006	100007	100008	100009	100010	100011
# ITEMS
# P
200	900000
[OBJECTS]
# object_id  type	x	y	ani_set_id	extra_settings per object type
# type: 0 = Mario , 1 = Brick, 2 = Enemy1, 3 = Worm, 4 = Wheel_Left, 5 = Wheel_Middle, 6 = Wheel_right, 7= Cabin, 8= Barrel, 9= Main character, 10= Spider, 11=Human
# type: 12 = Floater, 13 = Domes, 14 = Jumpers, 15 = Insect,16 = Orbs, 17 = Skulls, 18 = Dashers, 500 = PowerHub, 501 = GunHub
# MAIN_CHARACTER need to be created first!
1	9	65	144.73	2
# MAIN OBJECTS LIST
# WHEEL_LEFT
3	4	18	132	3
# WHEEL_RIGHT
4	6	32	132	3
# SOFIA VEHICLE
5	7	25	118	4
# HUMAN
2	11	17	115	1
# HUB LIST - x,y theo trục màn hình
9	500	10	100	100
# ENEMY LIST
# Skulls
8	17	150	140	15	1
10	17	260	140	15	1
11	17	290	140	15	1
16	13	135	140	11	
# MAP OBJECT LIST
# BRICK 
# object_id 	type	l	t	ani_set_id	r	b	
100	1	30	176	2	48	144
101	1	15	146	2	30	127
102	1	46	192	2	484	176
103	1	94	176	2	113	144
104	1	159	179	2	175	144
105	1	222	176	2	239	144
106	1	286	176	2	304	144
107	1	352	176	2	368	144
108	1	415	176	2	432	144
109	1	480	176	2	495	96
110	1	31	97	2	493	86
# --- SCENE PORTAL ----
# object_id 	type	l	t	ani_set_id	r	b	scene_id	type_portal: 1-Next scene 0-Previous scene	next_portal_id
1000	50	33	129	2	63	96	2	0	1001
1001	50	448	129	2	480	99	5	1	1000
# cellx celly id_object...
[GRID]
0	0	100	101	102	103
0	1	104	105	106
0	2	107	108	102
0	3	109
1	0	1000	110	8
1	2	1001	110	10	11
1	3	109